Best sequences of activities selected for 60 days (auto-stop) (Start 1, Target 5) :  Baseline MDP (fully observed) | byModel=PolicyTimeOptimal | mode=most_likely
Day 1: [1, 0, 0, 2, 0, 0, 3, 0, 0, 4]
Day 2: [2, 4, 0, 0, 1, 0, 0, 3, 0, 0]
Day 3: [0, 3, 2, 0, 0, 4, 0, 0, 1, 0]
Day 4: [0, 0, 2, 3, 0, 0, 1, 0, 0, 4]
Day 5: [4, 0, 0, 3, 2, 0, 0, 1, 0, 0]
Day 6: [0, 2, 0, 0, 1, 4, 0, 0, 3, 0]
Day 7: [0, 0, 2, 0, 0, 4, 1, 0, 0, 3]
Day 8: [4, 0, 0, 1, 0, 0, 2, 3, 0, 0]
Day 9: [0, 4, 0, 0, 2, 0, 0, 3, 1, 0]
Day 10: [0, 0, 3, 0, 0, 4, 0, 0, 1, 2]
Day 11: [1, 0, 0, 2, 0, 0, 3, 0, 0, 4]
Day 12: [2, 4, 0, 0, 1, 0, 0, 3, 0, 0]
Day 13: [0, 3, 2, 0, 0, 4, 0, 0, 1, 0]
Day 14: [0, 0, 2, 3, 0, 0, 1, 0, 0, 4]
Day 15: [4, 0, 0, 3, 2, 0, 0, 1, 0, 0]
Day 16: [0, 2, 0, 0, 1, 4, 0, 0, 3, 0]
Day 17: [0, 0, 2, 0, 0, 4, 1, 0, 0, 3]
Day 18: [4, 0, 0, 1, 0, 0, 2, 3, 0, 0]
Day 19: [0, 4, 0, 0, 2, 0, 0, 3, 1, 0]
Day 20: [0, 0, 3, 0, 0, 4, 0, 0, 1, 2]
Day 21: [1, 0, 0, 2, 0, 0, 3, 0, 0, 4]
Day 22: [2, 4, 0, 0, 1, 0, 0, 3, 0, 0]
Day 23: [0, 3, 2, 0, 0, 4, 0, 0, 1, 0]
Day 24: [0, 0, 2, 3, 0, 0, 1, 0, 0, 4]
Day 25: [4, 0, 0, 3, 2, 0, 0, 1, 0, 0]
Day 26: [0, 2, 0, 0, 1, 4, 0, 0, 3, 0]
Day 27: [0, 0, 2, 0, 0, 4, 1, 0, 0, 3]
Day 28: [4, 0, 0, 1, 0, 0, 2, 3, 0, 0]
Day 29: [0, 4, 0, 0, 2, 0, 0, 3, 1, 0]
Day 30: [0, 0, 3, 0, 0, 4, 0, 0, 1, 2]
Day 31: [1, 0, 0, 2, 0, 0, 3, 0, 0, 4]
Day 32: [2, 4, 0, 0, 1, 0, 0, 3, 0, 0]
Day 33: [0, 3, 2, 0, 0, 4, 0, 0, 1, 0]
Day 34: [0, 0, 2, 3, 0, 0, 1, 0, 0, 4]
Day 35: [4, 0, 0, 3, 2, 0, 0, 1, 0, 0]
Day 36: [0, 2, 0, 0, 1, 4, 0, 0, 3, 0]
Day 37: [0, 0, 2, 0, 0, 4, 1, 0, 0, 3]
Day 38: [4, 0, 0, 1, 0, 0, 2, 3, 0, 0]
Day 39: [0, 4, 0, 0, 2, 0, 0, 3, 1, 0]
Day 40: [0, 0, 3, 0, 0, 4, 0, 0, 1, 2]
Day 41: [1, 0, 0, 2, 0, 0, 3, 0, 0, 4]
Day 42: [2, 4, 0, 0, 1, 0, 0, 3, 0, 0]
Day 43: [0, 3, 2, 0, 0, 4, 0, 0, 1, 0]
Day 44: [0, 0, 2, 3, 0, 0, 1, 0, 0, 4]
Day 45: [4, 0, 0, 3, 2, 0, 0, 1, 0, 0]
Day 46: [0, 2, 0, 0, 1, 4, 0, 0, 3, 0]
Day 47: [0, 0, 2, 0, 0, 4, 1, 0, 0, 3]
Day 48: [4, 0, 0, 1, 0, 0, 2, 3, 0, 0]
Day 49: [0, 4, 0, 0, 2, 0, 0, 3, 1, 0]
Day 50: [0, 0, 3, 0, 0, 4, 0, 0, 1, 2]
Day 51: [1, 0, 0, 2, 0, 0, 3, 0, 0, 4]
Day 52: [2, 4, 0, 0, 1, 0, 0, 3, 0, 0]
Day 53: [0, 3, 2, 0, 0, 4, 0, 0, 1, 0]
Day 54: [0, 0, 2, 3, 0, 0, 1, 0, 0, 4]
Day 55: [4, 0, 0, 3, 2, 0, 0, 1, 0, 0]
Day 56: [0, 2, 0, 0, 1, 4, 0, 0, 3, 0]
Day 57: [0, 0, 2, 0, 0, 4, 1, 0, 0, 3]
Day 58: [4, 0, 0, 1, 0, 0, 2, 3, 0, 0]
Day 59: [0, 4, 0, 0, 2, 0, 0, 3, 1, 0]
Day 60: [0, 0, 3, 0, 0, 4, 0, 0, 1, 2]

(0 = non sélectionnée ce jour ; 1..4 = position de l’activité)
